Dataset,Target Name,RA (J2000),Dec (J2000),Ref,Start Time,Stop Time,Exp Time,Instrument,Apertures,Filters/Gratings,Central Wavelength,Proposal ID,Release Date,Preview Name,Scan Type,High-Level Science Products,Ang Sep (')
string,string,ra,dec,integer,datetime,datetime,float,string,string,string,float,integer,datetime,string,string,integer,float
U28N0201T,IRAS1833-2357,18 36 24.998,-23 55 12.45,9,1994-04-07 15:04:17,1994-04-07 15:19:17,900.000,WFPC2 ,PC1-FIX,F502N,5012.000,5404,1995-04-07 23:18:25,U28N0201T,,,0.954
U28N0202T,IRAS1833-2357,18 36 24.998,-23 55 12.45,9,1994-04-07 15:22:17,1994-04-07 15:37:17,900.000,WFPC2 ,PC1-FIX,F502N,5012.000,5404,1995-04-07 23:23:54,U28N0202T,,,0.954
U28N0203T,IRAS1833-2357,18 36 24.998,-23 55 12.45,9,1994-04-07 16:33:17,1994-04-07 16:48:17,900.000,WFPC2 ,PC1-FIX,F502N,5012.000,5404,1995-04-07 23:29:17,U28N0203T,,,0.954
U28N0204T,IRAS1833-2357,18 36 24.998,-23 55 12.45,9,1994-04-07 16:51:17,1994-04-07 17:06:17,900.000,WFPC2 ,PC1-FIX,F502N,5012.000,5404,1995-04-07 23:34:41,U28N0204T,,,0.954
U2DS0201T,NGC6656,18 36 26.444,-23 54 08.12,6,1995-03-19 10:45:16,1995-03-19 10:45:56,40.000,WFPC2 ,PC1-FIX,F439W,4311.000,5344,1996-03-20 02:00:18,U2DS0201T,,,0.592
U2DS0202T,NGC6656,18 36 26.444,-23 54 08.12,6,1995-03-19 10:47:17,1995-03-19 10:53:57,400.000,WFPC2 ,PC1-FIX,F439W,4311.000,5344,1996-03-20 02:04:46,U2DS0202T,,,0.592
U2DS0203T,NGC6656,18 36 26.444,-23 54 08.12,6,1995-03-19 10:56:17,1995-03-19 11:02:57,400.000,WFPC2 ,PC1-FIX,F439W,4311.000,5344,1996-03-20 02:09:14,U2DS0203T,,,0.592
U2DS0204T,NGC6656,18 36 26.444,-23 54 08.12,6,1995-03-19 11:06:16,1995-03-19 11:06:26,10.000,WFPC2 ,PC1-FIX,F675W,6717.000,5344,1996-03-20 02:13:36,U2DS0204T,,,0.592
U2DS0205T,NGC6656,18 36 26.444,-23 54 08.12,6,1995-03-19 11:08:16,1995-03-19 11:09:56,100.000,WFPC2 ,PC1-FIX,F675W,6717.000,5344,1996-03-20 02:18:00,U2DS0205T,,,0.592
U2DS0206T,NGC6656,18 36 26.444,-23 54 08.12,6,1995-03-19 11:11:16,1995-03-19 11:12:56,100.000,WFPC2 ,PC1-FIX,F675W,6717.000,5344,1996-03-20 02:22:44,U2DS0206T,,,0.592
U2DS0207T,NGC6656,18 36 26.444,-23 54 08.12,6,1995-03-19 11:15:16,1995-03-19 11:17:16,120.000,WFPC2 ,PC1-FIX,F656N,6564.000,5344,1996-03-20 02:27:31,U2DS0207T,,,0.592
U2DS0208T,NGC6656,18 36 26.444,-23 54 08.12,6,1995-03-19 12:11:17,1995-03-19 12:29:37,1100.000,WFPC2 ,PC1-FIX,F656N,6564.000,5344,1996-03-20 02:32:46,U2DS0208T,,,0.592
U2DS0209T,NGC6656,18 36 26.444,-23 54 08.12,6,1995-03-19 12:32:17,1995-03-19 12:50:37,1100.000,WFPC2 ,PC1-FIX,F656N,6564.000,5344,1996-03-20 02:37:29,U2DS0209T,,,0.592
U2DS020AT,NGC6656,18 36 26.444,-23 54 08.12,6,1995-03-19 13:48:17,1995-03-19 14:06:37,1100.000,WFPC2 ,PC1-FIX,F656N,6564.000,5344,1996-03-20 02:42:12,U2DS020AT,,,0.592
U5330101R,NGC6656,18 36 28.207,-23 53 19.15,13,1999-02-22 21:14:13,1999-02-22 21:18:33,260.000,WFPC2 ,PC1-FIX,F814W,8012.000,7615,2000-02-23 03:50:59,U5330101R,,,1.373
U5330102R,NGC6656,18 36 28.207,-23 53 19.15,13,1999-02-22 21:20:13,1999-02-22 21:24:33,260.000,WFPC2 ,PC1-FIX,F814W,8012.000,7615,2000-02-23 03:51:51,U5330102R,,,1.373
U5330103R,NGC6656,18 36 21.356,-23 53 43.59,13,1999-02-22 21:29:13,1999-02-22 21:33:33,260.000,WFPC2 ,PC1-FIX,F814W,8012.000,7615,2000-02-23 03:54:55,U5330103R,,,0.813
U5330104R,NGC6656,18 36 21.356,-23 53 43.59,13,1999-02-22 21:35:13,1999-02-22 21:39:33,260.000,WFPC2 ,PC1-FIX,F814W,8012.000,7615,2000-02-23 03:56:00,U5330104R,,,0.813
U5330105R,NGC6656,18 36 25.861,-23 55 14.17,13,1999-02-22 21:44:13,1999-02-22 21:48:33,260.000,WFPC2 ,PC1-FIX,F814W,8012.000,7615,2000-02-23 03:52:45,U5330105R,,,1.048
U5330106R,NGC6656,18 36 25.861,-23 55 14.17,13,1999-02-22 21:50:13,1999-02-22 21:54:33,260.000,WFPC2 ,PC1-FIX,F814W,8012.000,7615,2000-02-23 03:53:33,U5330106R,,,1.048
U5330201R,NGC6656,18 36 28.207,-23 53 19.15,13,1999-02-25 15:33:13,1999-02-25 15:37:33,260.000,WFPC2 ,PC1-FIX,F814W,8012.000,7615,2000-02-26 13:32:25,U5330201R,,,1.373
U5330202R,NGC6656,18 36 28.207,-23 53 19.15,13,1999-02-25 15:39:13,1999-02-25 15:43:33,260.000,WFPC2 ,PC1-FIX,F814W,8012.000,7615,2000-02-26 13:26:07,U5330202R,,,1.373
U5330203R,NGC6656,18 36 21.356,-23 53 43.59,13,1999-02-25 16:55:13,1999-02-25 16:59:33,260.000,WFPC2 ,PC1-FIX,F814W,8012.000,7615,2000-02-26 13:30:22,U5330203R,,,0.813
U5330204M,NGC6656,18 36 21.356,-23 53 43.59,13,1999-02-25 17:01:13,1999-02-25 17:05:33,260.000,WFPC2 ,PC1-FIX,F814W,8012.000,7615,2000-02-26 13:39:40,U5330204M,,,0.813
U5330205R,NGC6656,18 36 25.861,-23 55 14.17,13,1999-02-25 17:10:13,1999-02-25 17:14:33,260.000,WFPC2 ,PC1-FIX,F814W,8012.000,7615,2000-02-26 13:38:59,U5330205R,,,1.048
U5330206R,NGC6656,18 36 25.861,-23 55 14.17,13,1999-02-25 17:16:13,1999-02-25 17:20:33,260.000,WFPC2 ,PC1-FIX,F814W,8012.000,7615,2000-02-26 13:35:28,U5330206R,,,1.048
U5330301R,NGC6656,18 36 28.207,-23 53 19.15,13,1999-02-28 22:19:13,1999-02-28 22:23:33,260.000,WFPC2 ,PC1-FIX,F814W,8012.000,7615,2000-02-29 16:52:48,U5330301R,,,1.373
U5330302R,NGC6656,18 36 28.207,-23 53 19.15,13,1999-02-28 22:25:13,1999-02-28 22:29:33,260.000,WFPC2 ,PC1-FIX,F814W,8012.000,7615,2000-02-29 16:52:42,U5330302R,,,1.373
U5330303M,NGC6656,18 36 21.356,-23 53 43.59,13,1999-02-28 22:34:13,1999-02-28 22:38:33,260.000,WFPC2 ,PC1-FIX,F814W,8012.000,7615,2000-02-29 17:09:39,U5330303M,,,0.813
U5330304R,NGC6656,18 36 21.356,-23 53 43.59,13,1999-02-28 22:40:13,1999-02-28 22:44:33,260.000,WFPC2 ,PC1-FIX,F814W,8012.000,7615,2000-02-29 17:08:33,U5330304R,,,0.813
U5330305R,NGC6656,18 36 25.861,-23 55 14.17,13,1999-02-28 22:49:13,1999-02-28 22:53:33,260.000,WFPC2 ,PC1-FIX,F814W,8012.000,7615,2000-02-29 17:05:41,U5330305R,,,1.048
U5330306R,NGC6656,18 36 25.861,-23 55 14.17,13,1999-02-28 22:55:13,1999-02-28 22:59:33,260.000,WFPC2 ,PC1-FIX,F814W,8012.000,7615,2000-02-29 17:06:28,U5330306R,,,1.048
U5330401R,NGC6656,18 36 28.207,-23 53 19.15,13,1999-03-03 19:56:13,1999-03-03 20:00:33,260.000,WFPC2 ,PC1-FIX,F606W,5997.000,7615,2000-03-03 01:54:36,U5330401R,,,1.373
U5330402R,NGC6656,18 36 28.207,-23 53 19.15,13,1999-03-03 20:02:13,1999-03-03 20:06:33,260.000,WFPC2 ,PC1-FIX,F606W,5997.000,7615,2000-03-03 02:01:22,U5330402R,,,1.373
U5330403R,NGC6656,18 36 21.356,-23 53 43.59,13,1999-03-03 20:11:13,1999-03-03 20:15:33,260.000,WFPC2 ,PC1-FIX,F606W,5997.000,7615,2000-03-03 02:05:00,U5330403R,,,0.813
U5330404R,NGC6656,18 36 21.356,-23 53 43.59,13,1999-03-03 20:17:13,1999-03-03 20:21:33,260.000,WFPC2 ,PC1-FIX,F606W,5997.000,7615,2000-03-03 02:03:51,U5330404R,,,0.813
U5330405R,NGC6656,18 36 25.861,-23 55 14.17,13,1999-03-03 21:14:13,1999-03-03 21:18:33,260.000,WFPC2 ,PC1-FIX,F606W,5997.000,7615,2000-03-03 02:02:34,U5330405R,,,1.048
U5330406R,NGC6656,18 36 25.861,-23 55 14.17,13,1999-03-03 21:20:13,1999-03-03 21:24:33,260.000,WFPC2 ,PC1-FIX,F606W,5997.000,7615,2000-03-03 01:59:47,U5330406R,,,1.048
U5330501R,NGC6656,18 36 28.207,-23 53 19.15,13,1999-03-06 16:57:13,1999-03-06 17:01:33,260.000,WFPC2 ,PC1-FIX,F814W,8012.000,7615,2000-03-05 23:46:04,U5330501R,,,1.373
U5330502R,NGC6656,18 36 28.207,-23 53 19.15,13,1999-03-06 17:03:13,1999-03-06 17:07:33,260.000,WFPC2 ,PC1-FIX,F814W,8012.000,7615,2000-03-05 23:40:15,U5330502R,,,1.373
U5330503R,NGC6656,18 36 21.356,-23 53 43.59,13,1999-03-06 17:12:13,1999-03-06 17:16:33,260.000,WFPC2 ,PC1-FIX,F814W,8012.000,7615,2000-03-05 23:37:47,U5330503R,,,0.813
U5330504R,NGC6656,18 36 21.356,-23 53 43.59,13,1999-03-06 17:18:13,1999-03-06 17:22:33,260.000,WFPC2 ,PC1-FIX,F814W,8012.000,7615,2000-03-05 23:45:05,U5330504R,,,0.813
U5330505R,NGC6656,18 36 25.861,-23 55 14.17,13,1999-03-06 17:27:13,1999-03-06 17:31:33,260.000,WFPC2 ,PC1-FIX,F814W,8012.000,7615,2000-03-05 23:44:09,U5330505R,,,1.048
U5330506R,NGC6656,18 36 25.861,-23 55 14.17,13,1999-03-06 17:33:13,1999-03-06 17:37:33,260.000,WFPC2 ,PC1-FIX,F814W,8012.000,7615,2000-03-05 23:38:12,U5330506R,,,1.048
U5330601R,NGC6656,18 36 28.207,-23 53 19.15,13,1999-03-09 22:38:13,1999-03-09 22:42:33,260.000,WFPC2 ,PC1-FIX,F814W,8012.000,7615,2000-03-09 14:22:20,U5330601R,,,1.373
U5330602R,NGC6656,18 36 28.207,-23 53 19.15,13,1999-03-09 22:44:13,1999-03-09 22:48:33,260.000,WFPC2 ,PC1-FIX,F814W,8012.000,7615,2000-03-09 14:24:05,U5330602R,,,1.373
U5330603R,NGC6656,18 36 21.356,-23 53 43.59,13,1999-03-09 22:53:13,1999-03-09 22:57:33,260.000,WFPC2 ,PC1-FIX,F814W,8012.000,7615,2000-03-09 14:27:46,U5330603R,,,0.813
U5330604R,NGC6656,18 36 21.356,-23 53 43.59,13,1999-03-09 22:59:13,1999-03-09 23:03:33,260.000,WFPC2 ,PC1-FIX,F814W,8012.000,7615,2000-03-09 14:30:24,U5330604R,,,0.813
U5330605R,NGC6656,18 36 25.861,-23 55 14.17,13,1999-03-10 00:00:13,1999-03-10 00:04:33,260.000,WFPC2 ,PC1-FIX,F814W,8012.000,7615,2000-03-09 14:27:47,U5330605R,,,1.048
U5330606R,NGC6656,18 36 25.861,-23 55 14.17,13,1999-03-10 00:06:13,1999-03-10 00:10:33,260.000,WFPC2 ,PC1-FIX,F814W,8012.000,7615,2000-03-09 14:29:09,U5330606R,,,1.048
U5330701R,NGC6656,18 36 28.207,-23 53 19.15,13,1999-03-12 18:02:13,1999-03-12 18:06:33,260.000,WFPC2 ,PC1-FIX,F814W,8012.000,7615,2000-03-12 01:07:47,U5330701R,,,1.373
U5330702R,NGC6656,18 36 28.207,-23 53 19.15,13,1999-03-12 18:08:13,1999-03-12 18:12:33,260.000,WFPC2 ,PC1-FIX,F814W,8012.000,7615,2000-03-12 00:57:52,U5330702R,,,1.373
U5330703R,NGC6656,18 36 21.356,-23 53 43.59,13,1999-03-12 18:17:13,1999-03-12 18:21:33,260.000,WFPC2 ,PC1-FIX,F814W,8012.000,7615,2000-03-12 01:04:04,U5330703R,,,0.813
U5330704R,NGC6656,18 36 21.356,-23 53 43.59,13,1999-03-12 18:23:13,1999-03-12 18:27:33,260.000,WFPC2 ,PC1-FIX,F814W,8012.000,7615,2000-03-12 01:14:50,U5330704R,,,0.813
U5330705R,NGC6656,18 36 25.861,-23 55 14.17,13,1999-03-12 18:32:13,1999-03-12 18:36:33,260.000,WFPC2 ,PC1-FIX,F814W,8012.000,7615,2000-03-12 01:08:28,U5330705R,,,1.048
U5330706R,NGC6656,18 36 25.861,-23 55 14.17,13,1999-03-12 18:38:13,1999-03-12 18:42:33,260.000,WFPC2 ,PC1-FIX,F814W,8012.000,7615,2000-03-12 01:11:26,U5330706R,,,1.048
U5330801R,NGC6656,18 36 28.244,-23 53 18.93,13,1999-03-13 15:32:13,1999-03-13 15:36:33,260.000,WFPC2 ,PC1-FIX,F814W,8012.000,7615,2000-03-12 18:39:08,U5330801R,,,1.381
U5330802R,NGC6656,18 36 28.244,-23 53 18.93,13,1999-03-13 15:38:13,1999-03-13 15:42:33,260.000,WFPC2 ,PC1-FIX,F814W,8012.000,7615,2000-03-12 18:39:27,U5330802R,,,1.381
U5330803R,NGC6656,18 36 21.394,-23 53 43.38,13,1999-03-13 16:34:13,1999-03-13 16:38:33,260.000,WFPC2 ,PC1-FIX,F814W,8012.000,7615,2000-03-12 22:54:28,U5330803R,,,0.809
U5330804R,NGC6656,18 36 21.394,-23 53 43.38,13,1999-03-13 16:40:13,1999-03-13 16:44:33,260.000,WFPC2 ,PC1-FIX,F814W,8012.000,7615,2000-03-12 22:58:14,U5330804R,,,0.809
U5330805R,NGC6656,18 36 25.898,-23 55 13.96,13,1999-03-13 16:49:13,1999-03-13 16:53:33,260.000,WFPC2 ,PC1-FIX,F814W,8012.000,7615,2000-03-12 22:59:01,U5330805R,,,1.048
U5330806R,NGC6656,18 36 25.898,-23 55 13.96,13,1999-03-13 16:55:13,1999-03-13 16:59:33,260.000,WFPC2 ,PC1-FIX,F814W,8012.000,7615,2000-03-12 22:56:04,U5330806R,,,1.048
U5330901R,NGC6656,18 36 28.284,-23 53 19.07,13,1999-03-13 19:49:13,1999-03-13 19:53:33,260.000,WFPC2 ,PC1-FIX,F814W,8012.000,7615,2000-03-12 22:57:34,U5330901R,,,1.386
U5330902R,NGC6656,18 36 28.284,-23 53 19.07,13,1999-03-13 19:55:13,1999-03-13 19:59:33,260.000,WFPC2 ,PC1-FIX,F814W,8012.000,7615,2000-03-12 23:04:05,U5330902R,,,1.386
U5330903R,NGC6656,18 36 21.433,-23 53 43.52,13,1999-03-13 20:04:13,1999-03-13 20:08:33,260.000,WFPC2 ,PC1-FIX,F814W,8012.000,7615,2000-03-12 22:59:08,U5330903R,,,0.801
U5330904R,NGC6656,18 36 21.433,-23 53 43.52,13,1999-03-13 20:10:13,1999-03-13 20:14:33,260.000,WFPC2 ,PC1-FIX,F814W,8012.000,7615,2000-03-12 23:00:32,U5330904R,,,0.801
U5330905R,NGC6656,18 36 25.938,-23 55 14.09,13,1999-03-13 20:19:13,1999-03-13 20:23:33,260.000,WFPC2 ,PC1-FIX,F814W,8012.000,7615,2000-03-12 23:01:55,U5330905R,,,1.054
U5330906R,NGC6656,18 36 25.938,-23 55 14.09,13,1999-03-13 20:25:13,1999-03-13 20:29:33,260.000,WFPC2 ,PC1-FIX,F814W,8012.000,7615,2000-03-12 23:02:45,U5330906R,,,1.054
U5331001R,NGC6656,18 36 28.246,-23 53 19.29,13,1999-03-14 16:46:13,1999-03-14 16:50:33,260.000,WFPC2 ,PC1-FIX,F814W,8012.000,7615,2000-03-14 12:46:58,U5331001R,,,1.377
U5331002R,NGC6656,18 36 28.246,-23 53 19.29,13,1999-03-14 16:52:13,1999-03-14 16:56:33,260.000,WFPC2 ,PC1-FIX,F814W,8012.000,7615,2000-03-14 12:44:17,U5331002R,,,1.377
U5331003R,NGC6656,18 36 21.395,-23 53 43.73,13,1999-03-14 17:01:13,1999-03-14 17:05:33,260.000,WFPC2 ,PC1-FIX,F814W,8012.000,7615,2000-03-14 12:47:55,U5331003R,,,0.805
U5331004R,NGC6656,18 36 21.395,-23 53 43.73,13,1999-03-14 17:07:13,1999-03-14 17:11:33,260.000,WFPC2 ,PC1-FIX,F814W,8012.000,7615,2000-03-14 12:49:58,U5331004R,,,0.805
U5331005R,NGC6656,18 36 25.900,-23 55 14.31,13,1999-03-14 17:16:13,1999-03-14 17:20:33,260.000,WFPC2 ,PC1-FIX,F814W,8012.000,7615,2000-03-14 12:47:46,U5331005R,,,1.053
U5331006R,NGC6656,18 36 25.900,-23 55 14.31,13,1999-03-14 17:22:13,1999-03-14 17:26:33,260.000,WFPC2 ,PC1-FIX,F814W,8012.000,7615,2000-03-14 12:49:12,U5331006R,,,1.053
U5331101R,NGC6656,18 36 28.207,-23 53 19.15,13,1999-03-15 01:08:13,1999-03-15 01:12:33,260.000,WFPC2 ,PC1-FIX,F606W,5997.000,7615,2000-03-14 13:11:29,U5331101R,,,1.373
U5331102R,NGC6656,18 36 28.207,-23 53 19.15,13,1999-03-15 01:14:13,1999-03-15 01:18:33,260.000,WFPC2 ,PC1-FIX,F606W,5997.000,7615,2000-03-14 13:09:09,U5331102R,,,1.373
U5331103R,NGC6656,18 36 21.356,-23 53 43.59,13,1999-03-15 01:23:13,1999-03-15 01:27:33,260.000,WFPC2 ,PC1-FIX,F606W,5997.000,7615,2000-03-14 13:09:36,U5331103R,,,0.813
U5331104R,NGC6656,18 36 21.356,-23 53 43.59,13,1999-03-15 01:29:13,1999-03-15 01:33:33,260.000,WFPC2 ,PC1-FIX,F606W,5997.000,7615,2000-03-14 13:13:56,U5331104R,,,0.813
U5331105R,NGC6656,18 36 25.861,-23 55 14.17,13,1999-03-15 02:42:13,1999-03-15 02:46:33,260.000,WFPC2 ,PC1-FIX,F606W,5997.000,7615,2000-03-14 13:16:22,U5331105R,,,1.048
U5331106R,NGC6656,18 36 25.861,-23 55 14.17,13,1999-03-15 02:48:13,1999-03-15 02:52:33,260.000,WFPC2 ,PC1-FIX,F606W,5997.000,7615,2000-03-14 13:14:27,U5331106R,,,1.048
U5331201R,NGC6656,18 36 28.244,-23 53 18.93,13,1999-03-15 16:57:13,1999-03-15 17:01:33,260.000,WFPC2 ,PC1-FIX,F606W,5997.000,7615,2000-03-14 23:24:53,U5331201R,,,1.381
U5331202R,NGC6656,18 36 28.244,-23 53 18.93,13,1999-03-15 17:03:13,1999-03-15 17:07:33,260.000,WFPC2 ,PC1-FIX,F606W,5997.000,7615,2000-03-14 23:25:52,U5331202R,,,1.381
U5331203R,NGC6656,18 36 21.394,-23 53 43.38,13,1999-03-15 17:12:13,1999-03-15 17:16:33,260.000,WFPC2 ,PC1-FIX,F606W,5997.000,7615,2000-03-14 23:28:46,U5331203R,,,0.809
U5331204R,NGC6656,18 36 21.394,-23 53 43.38,13,1999-03-15 17:18:13,1999-03-15 17:22:33,260.000,WFPC2 ,PC1-FIX,F606W,5997.000,7615,2000-03-14 23:25:32,U5331204R,,,0.809
U5331205R,NGC6656,18 36 25.898,-23 55 13.96,13,1999-03-15 17:27:13,1999-03-15 17:31:33,260.000,WFPC2 ,PC1-FIX,F606W,5997.000,7615,2000-03-14 23:26:51,U5331205R,,,1.048
U5331206R,NGC6656,18 36 25.898,-23 55 13.96,13,1999-03-15 17:33:13,1999-03-15 17:37:33,260.000,WFPC2 ,PC1-FIX,F606W,5997.000,7615,2000-03-14 23:29:49,U5331206R,,,1.048
U5331301R,NGC6656,18 36 28.284,-23 53 19.07,13,1999-03-16 08:01:13,1999-03-16 08:05:33,260.000,WFPC2 ,PC1-FIX,F606W,5997.000,7615,2000-03-15 16:13:15,U5331301R,,,1.386
U5331302R,NGC6656,18 36 28.284,-23 53 19.07,13,1999-03-16 08:07:13,1999-03-16 08:11:33,260.000,WFPC2 ,PC1-FIX,F606W,5997.000,7615,2000-03-15 16:13:42,U5331302R,,,1.386
U5331303R,NGC6656,18 36 21.433,-23 53 43.52,13,1999-03-16 09:32:13,1999-03-16 09:36:33,260.000,WFPC2 ,PC1-FIX,F606W,5997.000,7615,2000-03-15 16:17:06,U5331303R,,,0.801
U5331304R,NGC6656,18 36 21.433,-23 53 43.52,13,1999-03-16 09:38:13,1999-03-16 09:42:33,260.000,WFPC2 ,PC1-FIX,F606W,5997.000,7615,2000-03-15 16:19:19,U5331304R,,,0.801
U5331305R,NGC6656,18 36 25.938,-23 55 14.09,13,1999-03-16 10:39:13,1999-03-16 10:43:33,260.000,WFPC2 ,PC1-FIX,F606W,5997.000,7615,2000-03-15 16:22:39,U5331305R,,,1.054
U5331306R,NGC6656,18 36 25.938,-23 55 14.09,13,1999-03-16 10:45:13,1999-03-16 10:49:33,260.000,WFPC2 ,PC1-FIX,F606W,5997.000,7615,2000-03-15 16:24:33,U5331306R,,,1.054
U5331401R,NGC6656,18 36 28.246,-23 53 19.29,13,1999-03-16 22:16:13,1999-03-16 22:20:33,260.000,WFPC2 ,PC1-FIX,F606W,5997.000,7615,2000-03-16 05:13:57,U5331401R,,,1.377
U5331402M,NGC6656,18 36 28.246,-23 53 19.29,13,1999-03-16 22:22:13,1999-03-16 22:26:33,260.000,WFPC2 ,PC1-FIX,F606W,5997.000,7615,2000-03-16 13:20:01,U5331402M,,,1.377
U5331403R,NGC6656,18 36 21.395,-23 53 43.73,13,1999-03-16 22:31:13,1999-03-16 22:35:33,260.000,WFPC2 ,PC1-FIX,F606W,5997.000,7615,2000-03-16 12:59:28,U5331403R,,,0.805
U5331404R,NGC6656,18 36 21.395,-23 53 43.73,13,1999-03-16 22:37:13,1999-03-16 22:41:33,260.000,WFPC2 ,PC1-FIX,F606W,5997.000,7615,2000-03-16 12:57:36,U5331404R,,,0.805
U5331405R,NGC6656,18 36 25.900,-23 55 14.31,13,1999-03-16 23:41:13,1999-03-16 23:45:33,260.000,WFPC2 ,PC1-FIX,F606W,5997.000,7615,2000-03-16 12:59:00,U5331405R,,,1.053
U5331406R,NGC6656,18 36 25.900,-23 55 14.31,13,1999-03-16 23:47:13,1999-03-16 23:51:33,260.000,WFPC2 ,PC1-FIX,F606W,5997.000,7615,2000-03-16 12:59:52,U5331406R,,,1.053
U5331501R,NGC6656,18 36 28.207,-23 53 19.15,13,1999-03-19 21:26:13,1999-03-19 21:30:33,260.000,WFPC2 ,PC1-FIX,F814W,8012.000,7615,2000-03-19 17:28:42,U5331501R,,,1.373
U5331502R,NGC6656,18 36 28.207,-23 53 19.15,13,1999-03-19 21:32:13,1999-03-19 21:36:33,260.000,WFPC2 ,PC1-FIX,F814W,8012.000,7615,2000-03-19 17:30:58,U5331502R,,,1.373
U5331503R,NGC6656,18 36 21.356,-23 53 43.59,13,1999-03-19 22:33:13,1999-03-19 22:37:33,260.000,WFPC2 ,PC1-FIX,F814W,8012.000,7615,2000-03-19 17:31:57,U5331503R,,,0.813
U5331504R,NGC6656,18 36 21.356,-23 53 43.59,13,1999-03-19 22:39:13,1999-03-19 22:43:33,260.000,WFPC2 ,PC1-FIX,F814W,8012.000,7615,2000-03-19 17:34:18,U5331504R,,,0.813
U5331505R,NGC6656,18 36 25.861,-23 55 14.17,13,1999-03-19 22:48:13,1999-03-19 22:52:33,260.000,WFPC2 ,PC1-FIX,F814W,8012.000,7615,2000-03-19 17:33:00,U5331505R,,,1.048
U5331506R,NGC6656,18 36 25.861,-23 55 14.17,13,1999-03-19 22:54:13,1999-03-19 22:58:33,260.000,WFPC2 ,PC1-FIX,F814W,8012.000,7615,2000-03-19 17:40:05,U5331506R,,,1.048
U5331601R,NGC6656,18 36 28.207,-23 53 19.15,13,1999-03-22 21:25:13,1999-03-22 21:29:33,260.000,WFPC2 ,PC1-FIX,F814W,8012.000,7615,2000-03-22 13:43:03,U5331601R,,,1.373
U5331602R,NGC6656,18 36 28.207,-23 53 19.15,13,1999-03-22 21:31:13,1999-03-22 21:35:33,260.000,WFPC2 ,PC1-FIX,F814W,8012.000,7615,2000-03-22 13:42:11,U5331602R,,,1.373
U5331603R,NGC6656,18 36 21.356,-23 53 43.59,13,1999-03-22 21:40:13,1999-03-22 21:44:33,260.000,WFPC2 ,PC1-FIX,F814W,8012.000,7615,2000-03-22 13:31:55,U5331603R,,,0.813
U5331604R,NGC6656,18 36 21.356,-23 53 43.59,13,1999-03-22 21:46:13,1999-03-22 21:50:33,260.000,WFPC2 ,PC1-FIX,F814W,8012.000,7615,2000-03-22 13:28:14,U5331604R,,,0.813
U5331605R,NGC6656,18 36 25.861,-23 55 14.17,13,1999-03-22 21:55:13,1999-03-22 21:59:33,260.000,WFPC2 ,PC1-FIX,F814W,8012.000,7615,2000-03-22 13:35:46,U5331605R,,,1.048
U5331606R,NGC6656,18 36 25.861,-23 55 14.17,13,1999-03-22 22:01:13,1999-03-22 22:05:33,260.000,WFPC2 ,PC1-FIX,F814W,8012.000,7615,2000-03-22 13:40:34,U5331606R,,,1.048
U5331701R,NGC6656,18 36 28.207,-23 53 19.15,13,1999-03-26 18:54:13,1999-03-26 18:58:33,260.000,WFPC2 ,PC1-FIX,F814W,8012.000,7615,2000-03-25 21:51:47,U5331701R,,,1.373
U5331702R,NGC6656,18 36 28.207,-23 53 19.15,13,1999-03-26 19:00:13,1999-03-26 19:04:33,260.000,WFPC2 ,PC1-FIX,F814W,8012.000,7615,2000-03-25 21:58:23,U5331702R,,,1.373
U5331703R,NGC6656,18 36 21.356,-23 53 43.59,13,1999-03-26 19:09:13,1999-03-26 19:13:33,260.000,WFPC2 ,PC1-FIX,F814W,8012.000,7615,2000-03-25 22:00:07,U5331703R,,,0.813
U5331704R,NGC6656,18 36 21.356,-23 53 43.59,13,1999-03-26 19:15:13,1999-03-26 19:19:33,260.000,WFPC2 ,PC1-FIX,F814W,8012.000,7615,2000-03-25 22:00:43,U5331704R,,,0.813
U5331705R,NGC6656,18 36 25.861,-23 55 14.17,13,1999-03-26 19:24:13,1999-03-26 19:28:33,260.000,WFPC2 ,PC1-FIX,F814W,8012.000,7615,2000-03-25 21:58:14,U5331705R,,,1.048
U5331706R,NGC6656,18 36 25.861,-23 55 14.17,13,1999-03-26 19:30:13,1999-03-26 19:34:33,260.000,WFPC2 ,PC1-FIX,F814W,8012.000,7615,2000-03-25 21:54:05,U5331706R,,,1.048
U5331801R,NGC6656,18 36 28.207,-23 53 19.15,13,1999-03-28 22:30:13,1999-03-28 22:34:33,260.000,WFPC2 ,PC1-FIX,F606W,5997.000,7615,2000-03-28 00:24:55,U5331801R,,,1.373
U5331802R,NGC6656,18 36 28.207,-23 53 19.15,13,1999-03-28 22:36:13,1999-03-28 22:40:33,260.000,WFPC2 ,PC1-FIX,F606W,5997.000,7615,2000-03-28 00:23:01,U5331802R,,,1.373
U5331803R,NGC6656,18 36 21.356,-23 53 43.59,13,1999-03-28 22:45:13,1999-03-28 22:49:33,260.000,WFPC2 ,PC1-FIX,F606W,5997.000,7615,2000-03-28 00:25:51,U5331803R,,,0.813
U5331804R,NGC6656,18 36 21.356,-23 53 43.59,13,1999-03-28 22:51:13,1999-03-28 22:55:33,260.000,WFPC2 ,PC1-FIX,F606W,5997.000,7615,2000-03-28 00:23:36,U5331804R,,,0.813
U5331805R,NGC6656,18 36 25.861,-23 55 14.17,13,1999-03-28 23:00:13,1999-03-28 23:04:33,260.000,WFPC2 ,PC1-FIX,F606W,5997.000,7615,2000-03-28 00:25:24,U5331805R,,,1.048
U5331806R,NGC6656,18 36 25.861,-23 55 14.17,13,1999-03-28 23:06:13,1999-03-28 23:10:33,260.000,WFPC2 ,PC1-FIX,F606W,5997.000,7615,2000-03-28 00:24:50,U5331806R,,,1.048
U5331901R,NGC6656,18 36 28.207,-23 53 19.15,13,1999-04-01 02:19:13,1999-04-01 02:23:33,260.000,WFPC2 ,PC1-FIX,F814W,8012.000,7615,2000-03-31 15:34:31,U5331901R,,,1.373
U5331902R,NGC6656,18 36 28.207,-23 53 19.15,13,1999-04-01 02:25:13,1999-04-01 02:29:33,260.000,WFPC2 ,PC1-FIX,F814W,8012.000,7615,2000-03-31 15:35:58,U5331902R,,,1.373
U5331903R,NGC6656,18 36 21.356,-23 53 43.59,13,1999-04-01 02:34:13,1999-04-01 02:38:33,260.000,WFPC2 ,PC1-FIX,F814W,8012.000,7615,2000-03-31 15:37:57,U5331903R,,,0.813
U5331904R,NGC6656,18 36 21.356,-23 53 43.59,13,1999-04-01 02:40:13,1999-04-01 02:44:33,260.000,WFPC2 ,PC1-FIX,F814W,8012.000,7615,2000-03-31 15:36:37,U5331904R,,,0.813
U5331905R,NGC6656,18 36 25.861,-23 55 14.17,13,1999-04-01 02:49:13,1999-04-01 02:53:33,260.000,WFPC2 ,PC1-FIX,F814W,8012.000,7615,2000-03-31 15:39:24,U5331905R,,,1.048
U5331906R,NGC6656,18 36 25.861,-23 55 14.17,13,1999-04-01 02:55:13,1999-04-01 02:59:33,260.000,WFPC2 ,PC1-FIX,F814W,8012.000,7615,2000-03-31 15:37:41,U5331906R,,,1.048
U5332001R,NGC6656,18 36 28.207,-23 53 19.15,13,1999-04-03 23:40:13,1999-04-03 23:44:33,260.000,WFPC2 ,PC1-FIX,F814W,8012.000,7615,2000-04-04 16:44:55,U5332001R,,,1.373
U5332002R,NGC6656,18 36 28.207,-23 53 19.15,13,1999-04-03 23:46:13,1999-04-03 23:50:33,260.000,WFPC2 ,PC1-FIX,F814W,8012.000,7615,2000-04-04 16:50:03,U5332002R,,,1.373
U5332003R,NGC6656,18 36 21.356,-23 53 43.59,13,1999-04-03 23:55:13,1999-04-03 23:59:33,260.000,WFPC2 ,PC1-FIX,F814W,8012.000,7615,2000-04-04 16:47:25,U5332003R,,,0.813
U5332004R,NGC6656,18 36 21.356,-23 53 43.59,13,1999-04-04 00:01:13,1999-04-04 00:05:33,260.000,WFPC2 ,PC1-FIX,F814W,8012.000,7615,2000-04-04 16:47:25,U5332004R,,,0.813
U5332005R,NGC6656,18 36 25.861,-23 55 14.17,13,1999-04-04 00:10:13,1999-04-04 00:14:33,260.000,WFPC2 ,PC1-FIX,F814W,8012.000,7615,2000-04-04 16:48:50,U5332005R,,,1.048
U5332006R,NGC6656,18 36 25.861,-23 55 14.17,13,1999-04-04 00:16:13,1999-04-04 00:20:33,260.000,WFPC2 ,PC1-FIX,F814W,8012.000,7615,2000-04-04 16:48:51,U5332006R,,,1.048
U5332101R,NGC6656,18 36 28.207,-23 53 19.15,13,1999-04-06 21:22:13,1999-04-06 21:26:33,260.000,WFPC2 ,PC1-FIX,F814W,8012.000,7615,2000-04-07 18:11:47,U5332101R,,,1.373
U5332102R,NGC6656,18 36 28.207,-23 53 19.15,13,1999-04-06 21:28:13,1999-04-06 21:32:33,260.000,WFPC2 ,PC1-FIX,F814W,8012.000,7615,2000-04-07 18:09:41,U5332102R,,,1.373
U5332103R,NGC6656,18 36 21.356,-23 53 43.59,13,1999-04-06 21:37:13,1999-04-06 21:41:33,260.000,WFPC2 ,PC1-FIX,F814W,8012.000,7615,2000-04-07 18:14:01,U5332103R,,,0.813
U5332104R,NGC6656,18 36 21.356,-23 53 43.59,13,1999-04-06 21:43:13,1999-04-06 21:47:33,260.000,WFPC2 ,PC1-FIX,F814W,8012.000,7615,2000-04-07 18:11:00,U5332104R,,,0.813
U5332105R,NGC6656,18 36 25.861,-23 55 14.17,13,1999-04-06 22:37:13,1999-04-06 22:41:33,260.000,WFPC2 ,PC1-FIX,F814W,8012.000,7615,2000-04-07 18:22:32,U5332105R,,,1.048
U5332106R,NGC6656,18 36 25.861,-23 55 14.17,13,1999-04-06 22:43:13,1999-04-06 22:47:33,260.000,WFPC2 ,PC1-FIX,F814W,8012.000,7615,2000-04-07 18:33:12,U5332106R,,,1.048
U5332201R,NGC6656,18 36 28.207,-23 53 19.15,13,1999-04-10 05:39:13,1999-04-10 05:43:33,260.000,WFPC2 ,PC1-FIX,F606W,5997.000,7615,2000-04-09 16:04:48,U5332201R,,,1.373
U5332202R,NGC6656,18 36 28.207,-23 53 19.15,13,1999-04-10 05:45:13,1999-04-10 05:49:33,260.000,WFPC2 ,PC1-FIX,F606W,5997.000,7615,2000-04-09 16:02:29,U5332202R,,,1.373
U5332203R,NGC6656,18 36 21.356,-23 53 43.59,13,1999-04-10 05:54:13,1999-04-10 05:58:33,260.000,WFPC2 ,PC1-FIX,F606W,5997.000,7615,2000-04-09 15:44:28,U5332203R,,,0.813
U5332204R,NGC6656,18 36 21.356,-23 53 43.59,13,1999-04-10 06:00:13,1999-04-10 06:04:33,260.000,WFPC2 ,PC1-FIX,F606W,5997.000,7615,2000-04-09 15:47:26,U5332204R,,,0.813
U5332205R,NGC6656,18 36 25.861,-23 55 14.17,13,1999-04-10 06:09:13,1999-04-10 06:13:33,260.000,WFPC2 ,PC1-FIX,F606W,5997.000,7615,2000-04-09 15:45:56,U5332205R,,,1.048
U5332206R,NGC6656,18 36 25.861,-23 55 14.17,13,1999-04-10 06:15:13,1999-04-10 06:19:33,260.000,WFPC2 ,PC1-FIX,F606W,5997.000,7615,2000-04-09 15:43:46,U5332206R,,,1.048
U5332301R,NGC6656,18 36 28.207,-23 53 19.15,13,1999-04-13 11:11:13,1999-04-13 11:15:33,260.000,WFPC2 ,PC1-FIX,F814W,8012.000,7615,2000-04-12 14:04:56,U5332301R,,,1.373
U5332302R,NGC6656,18 36 28.207,-23 53 19.15,13,1999-04-13 11:17:13,1999-04-13 11:21:33,260.000,WFPC2 ,PC1-FIX,F814W,8012.000,7615,2000-04-12 14:09:58,U5332302R,,,1.373
U5332303R,NGC6656,18 36 21.356,-23 53 43.59,13,1999-04-13 12:37:13,1999-04-13 12:41:33,260.000,WFPC2 ,PC1-FIX,F814W,8012.000,7615,2000-04-12 14:16:57,U5332303R,,,0.813
U5332304R,NGC6656,18 36 21.356,-23 53 43.59,13,1999-04-13 12:43:13,1999-04-13 12:47:33,260.000,WFPC2 ,PC1-FIX,F814W,8012.000,7615,2000-04-12 14:17:40,U5332304R,,,0.813
U5332305R,NGC6656,18 36 25.861,-23 55 14.17,13,1999-04-13 12:52:13,1999-04-13 12:56:33,260.000,WFPC2 ,PC1-FIX,F814W,8012.000,7615,2000-04-12 23:54:45,U5332305R,,,1.048
U5332306R,NGC6656,18 36 25.861,-23 55 14.17,13,1999-04-13 12:58:13,1999-04-13 13:02:33,260.000,WFPC2 ,PC1-FIX,F814W,8012.000,7615,2000-04-13 00:02:47,U5332306R,,,1.048
U5332401R,NGC6656,18 36 28.207,-23 53 19.15,13,1999-04-16 03:32:13,1999-04-16 03:36:33,260.000,WFPC2 ,PC1-FIX,F814W,8012.000,7615,2000-04-15 12:45:30,U5332401R,,,1.373
U5332402R,NGC6656,18 36 28.207,-23 53 19.15,13,1999-04-16 03:38:13,1999-04-16 03:42:33,260.000,WFPC2 ,PC1-FIX,F814W,8012.000,7615,2000-04-15 17:33:56,U5332402R,,,1.373
U5332403R,NGC6656,18 36 21.356,-23 53 43.59,13,1999-04-16 03:47:13,1999-04-16 03:51:33,260.000,WFPC2 ,PC1-FIX,F814W,8012.000,7615,2000-04-15 12:47:04,U5332403R,,,0.813
U5332404R,NGC6656,18 36 21.356,-23 53 43.59,13,1999-04-16 03:53:13,1999-04-16 03:57:33,260.000,WFPC2 ,PC1-FIX,F814W,8012.000,7615,2000-04-15 12:49:51,U5332404R,,,0.813
U5332405R,NGC6656,18 36 25.861,-23 55 14.17,13,1999-04-16 04:02:13,1999-04-16 04:06:33,260.000,WFPC2 ,PC1-FIX,F814W,8012.000,7615,2000-04-15 12:44:49,U5332405R,,,1.048
U5332406M,NGC6656,18 36 25.861,-23 55 14.17,13,1999-04-16 04:08:13,1999-04-16 04:12:33,260.000,WFPC2 ,PC1-FIX,F814W,8012.000,7615,2000-04-15 21:01:09,U5332406M,,,1.048
U5332501R,NGC6656,18 36 28.207,-23 53 19.15,13,1999-04-18 21:54:13,1999-04-18 21:58:33,260.000,WFPC2 ,PC1-FIX,F814W,8012.000,7615,2000-04-18 11:25:11,U5332501R,,,1.373
U5332502R,NGC6656,18 36 28.207,-23 53 19.15,13,1999-04-18 22:00:13,1999-04-18 22:04:33,260.000,WFPC2 ,PC1-FIX,F814W,8012.000,7615,2000-04-18 11:27:53,U5332502R,,,1.373
U5332503R,NGC6656,18 36 21.356,-23 53 43.59,13,1999-04-18 22:09:13,1999-04-18 22:13:33,260.000,WFPC2 ,PC1-FIX,F814W,8012.000,7615,2000-04-18 11:28:23,U5332503R,,,0.813
U5332504R,NGC6656,18 36 21.356,-23 53 43.59,13,1999-04-18 22:15:13,1999-04-18 22:19:33,260.000,WFPC2 ,PC1-FIX,F814W,8012.000,7615,2000-04-18 11:32:34,U5332504R,,,0.813
U5332505R,NGC6656,18 36 25.861,-23 55 14.17,13,1999-04-18 23:11:13,1999-04-18 23:15:33,260.000,WFPC2 ,PC1-FIX,F814W,8012.000,7615,2000-04-18 11:31:00,U5332505R,,,1.048
U5332506R,NGC6656,18 36 25.861,-23 55 14.17,13,1999-04-18 23:17:13,1999-04-18 23:21:33,260.000,WFPC2 ,PC1-FIX,F814W,8012.000,7615,2000-04-18 11:34:20,U5332506R,,,1.048
U5332601R,NGC6656,18 36 28.207,-23 53 19.15,13,1999-04-21 22:07:13,1999-04-21 22:11:33,260.000,WFPC2 ,PC1-FIX,F606W,5997.000,7615,2000-04-21 00:13:43,U5332601R,,,1.373
U5332602R,NGC6656,18 36 28.207,-23 53 19.15,13,1999-04-21 22:13:13,1999-04-21 22:17:33,260.000,WFPC2 ,PC1-FIX,F606W,5997.000,7615,2000-04-21 00:17:32,U5332602R,,,1.373
U5332603R,NGC6656,18 36 21.356,-23 53 43.59,13,1999-04-21 22:22:13,1999-04-21 22:26:33,260.000,WFPC2 ,PC1-FIX,F606W,5997.000,7615,2000-04-21 00:17:31,U5332603R,,,0.813
U5332604R,NGC6656,18 36 21.356,-23 53 43.59,13,1999-04-21 22:28:13,1999-04-21 22:32:33,260.000,WFPC2 ,PC1-FIX,F606W,5997.000,7615,2000-04-21 00:23:00,U5332604R,,,0.813
U5332605R,NGC6656,18 36 25.861,-23 55 14.17,13,1999-04-21 22:37:13,1999-04-21 22:41:33,260.000,WFPC2 ,PC1-FIX,F606W,5997.000,7615,2000-04-21 00:20:37,U5332605R,,,1.048
U5332606R,NGC6656,18 36 25.861,-23 55 14.17,13,1999-04-21 22:43:13,1999-04-21 22:47:33,260.000,WFPC2 ,PC1-FIX,F606W,5997.000,7615,2000-04-21 00:23:55,U5332606R,,,1.048
U5332701R,NGC6656,18 36 28.207,-23 53 19.15,13,1999-04-24 21:20:13,1999-04-24 21:24:33,260.000,WFPC2 ,PC1-FIX,F814W,8012.000,7615,2000-04-25 18:34:32,U5332701R,,,1.373
U5332702R,NGC6656,18 36 28.207,-23 53 19.15,13,1999-04-24 21:26:13,1999-04-24 21:30:33,260.000,WFPC2 ,PC1-FIX,F814W,8012.000,7615,2000-04-25 18:30:45,U5332702R,,,1.373
U5332703R,NGC6656,18 36 21.356,-23 53 43.59,13,1999-04-24 21:35:13,1999-04-24 21:39:33,260.000,WFPC2 ,PC1-FIX,F814W,8012.000,7615,2000-04-25 18:37:36,U5332703R,,,0.813
U5332704M,NGC6656,18 36 21.356,-23 53 43.59,13,1999-04-24 21:41:13,1999-04-24 21:45:33,260.000,WFPC2 ,PC1-FIX,F814W,8012.000,7615,2000-04-25 19:13:26,U5332704M,,,0.813
U5332705R,NGC6656,18 36 25.861,-23 55 14.17,13,1999-04-24 22:38:13,1999-04-24 22:42:33,260.000,WFPC2 ,PC1-FIX,F814W,8012.000,7615,2000-04-25 18:36:57,U5332705R,,,1.048
U5332706R,NGC6656,18 36 25.861,-23 55 14.17,13,1999-04-24 22:44:13,1999-04-24 22:48:33,260.000,WFPC2 ,PC1-FIX,F814W,8012.000,7615,2000-04-25 18:41:34,U5332706R,,,1.048
U5332801R,NGC6656,18 36 28.207,-23 53 19.15,13,1999-04-28 10:37:13,1999-04-28 10:41:33,260.000,WFPC2 ,PC1-FIX,F814W,8012.000,7615,2000-04-27 23:52:33,U5332801R,,,1.373
U5332802R,NGC6656,18 36 28.207,-23 53 19.15,13,1999-04-28 10:43:13,1999-04-28 10:47:33,260.000,WFPC2 ,PC1-FIX,F814W,8012.000,7615,2000-04-27 23:52:47,U5332802R,,,1.373
U5332803R,NGC6656,18 36 21.356,-23 53 43.59,13,1999-04-28 12:03:13,1999-04-28 12:07:33,260.000,WFPC2 ,PC1-FIX,F814W,8012.000,7615,2000-04-27 23:55:24,U5332803R,,,0.813
U5332804R,NGC6656,18 36 21.356,-23 53 43.59,13,1999-04-28 12:09:13,1999-04-28 12:13:33,260.000,WFPC2 ,PC1-FIX,F814W,8012.000,7615,2000-04-27 23:55:37,U5332804R,,,0.813
U5332805R,NGC6656,18 36 25.861,-23 55 14.17,13,1999-04-28 12:18:13,1999-04-28 12:22:33,260.000,WFPC2 ,PC1-FIX,F814W,8012.000,7615,2000-04-28 12:04:20,U5332805R,,,1.048
U5332806R,NGC6656,18 36 25.861,-23 55 14.17,13,1999-04-28 12:24:13,1999-04-28 12:28:33,260.000,WFPC2 ,PC1-FIX,F814W,8012.000,7615,2000-04-28 12:06:01,U5332806R,,,1.048
U5332901R,NGC6656,18 36 28.207,-23 53 19.15,13,1999-04-30 22:06:13,1999-04-30 22:10:33,260.000,WFPC2 ,PC1-FIX,F814W,8012.000,7615,2000-04-30 16:55:01,U5332901R,,,1.373
U5332902R,NGC6656,18 36 28.207,-23 53 19.15,13,1999-04-30 22:12:13,1999-04-30 22:16:33,260.000,WFPC2 ,PC1-FIX,F814W,8012.000,7615,2000-04-30 16:56:06,U5332902R,,,1.373
U5332903R,NGC6656,18 36 21.356,-23 53 43.59,13,1999-04-30 22:21:13,1999-04-30 22:25:33,260.000,WFPC2 ,PC1-FIX,F814W,8012.000,7615,2000-04-30 17:00:30,U5332903R,,,0.813
U5332904R,NGC6656,18 36 21.356,-23 53 43.59,13,1999-04-30 22:27:13,1999-04-30 22:31:33,260.000,WFPC2 ,PC1-FIX,F814W,8012.000,7615,2000-04-30 17:00:44,U5332904R,,,0.813
U5332905R,NGC6656,18 36 25.861,-23 55 14.17,13,1999-04-30 22:36:13,1999-04-30 22:40:33,260.000,WFPC2 ,PC1-FIX,F814W,8012.000,7615,2000-04-30 17:03:23,U5332905R,,,1.048
U5332906R,NGC6656,18 36 25.861,-23 55 14.17,13,1999-04-30 22:42:13,1999-04-30 22:46:33,260.000,WFPC2 ,PC1-FIX,F814W,8012.000,7615,2000-04-30 17:07:12,U5332906R,,,1.048
U5333001R,NGC6656,18 36 28.207,-23 53 19.15,13,1999-05-04 14:45:13,1999-05-04 14:49:33,260.000,WFPC2 ,PC1-FIX,F606W,5997.000,7615,2000-05-04 15:48:03,U5333001R,,,1.373
U5333002R,NGC6656,18 36 28.207,-23 53 19.15,13,1999-05-04 14:51:13,1999-05-04 14:55:33,260.000,WFPC2 ,PC1-FIX,F606W,5997.000,7615,2000-05-04 15:49:49,U5333002R,,,1.373
U5333003R,NGC6656,18 36 21.356,-23 53 43.59,13,1999-05-04 15:00:13,1999-05-04 15:04:33,260.000,WFPC2 ,PC1-FIX,F606W,5997.000,7615,2000-05-04 15:51:53,U5333003R,,,0.813
U5333004R,NGC6656,18 36 21.356,-23 53 43.59,13,1999-05-04 15:06:13,1999-05-04 15:10:33,260.000,WFPC2 ,PC1-FIX,F606W,5997.000,7615,2000-05-04 15:56:55,U5333004R,,,0.813
U5333005R,NGC6656,18 36 25.861,-23 55 14.17,13,1999-05-04 15:15:13,1999-05-04 15:19:33,260.000,WFPC2 ,PC1-FIX,F606W,5997.000,7615,2000-05-04 15:57:34,U5333005R,,,1.048
U5333006R,NGC6656,18 36 25.861,-23 55 14.17,13,1999-05-04 15:21:13,1999-05-04 15:25:33,260.000,WFPC2 ,PC1-FIX,F606W,5997.000,7615,2000-05-04 15:53:32,U5333006R,,,1.048
U5333201R,NGC6656,18 36 28.207,-23 53 19.15,13,1999-05-10 12:35:13,1999-05-10 12:39:33,260.000,WFPC2 ,PC1-FIX,F814W,8012.000,7615,2000-05-09 20:18:44,U5333201R,,,1.373
U5333202R,NGC6656,18 36 28.207,-23 53 19.15,13,1999-05-10 12:41:13,1999-05-10 12:45:33,260.000,WFPC2 ,PC1-FIX,F814W,8012.000,7615,2000-05-09 20:19:04,U5333202R,,,1.373
U5333203R,NGC6656,18 36 21.356,-23 53 43.59,13,1999-05-10 12:50:13,1999-05-10 12:54:33,260.000,WFPC2 ,PC1-FIX,F814W,8012.000,7615,2000-05-09 20:22:34,U5333203R,,,0.813
U5333204R,NGC6656,18 36 21.356,-23 53 43.59,13,1999-05-10 12:56:13,1999-05-10 13:00:33,260.000,WFPC2 ,PC1-FIX,F814W,8012.000,7615,2000-05-09 20:21:30,U5333204R,,,0.813
U5333205R,NGC6656,18 36 25.861,-23 55 14.17,13,1999-05-10 13:05:13,1999-05-10 13:09:33,260.000,WFPC2 ,PC1-FIX,F814W,8012.000,7615,2000-05-10 11:38:20,U5333205R,,,1.048
U5333206R,NGC6656,18 36 25.861,-23 55 14.17,13,1999-05-10 13:11:13,1999-05-10 13:15:33,260.000,WFPC2 ,PC1-FIX,F814W,8012.000,7615,2000-05-10 11:31:20,U5333206R,,,1.048
U5333301R,NGC6656,18 36 28.207,-23 53 19.15,13,1999-05-12 21:17:13,1999-05-12 21:21:33,260.000,WFPC2 ,PC1-FIX,F814W,8012.000,7615,2000-05-12 02:22:01,U5333301R,,,1.373
U5333302R,NGC6656,18 36 28.207,-23 53 19.15,13,1999-05-12 21:23:13,1999-05-12 21:27:33,260.000,WFPC2 ,PC1-FIX,F814W,8012.000,7615,2000-05-12 02:26:23,U5333302R,,,1.373
U5333303R,NGC6656,18 36 21.356,-23 53 43.59,13,1999-05-12 21:33:13,1999-05-12 21:37:33,260.000,WFPC2 ,PC1-FIX,F814W,8012.000,7615,2000-05-12 02:21:31,U5333303R,,,0.813
U5333304R,NGC6656,18 36 21.356,-23 53 43.59,13,1999-05-12 21:39:13,1999-05-12 21:43:33,260.000,WFPC2 ,PC1-FIX,F814W,8012.000,7615,2000-05-12 02:24:05,U5333304R,,,0.813
U5333305M,NGC6656,18 36 25.861,-23 55 14.17,13,1999-05-12 22:50:13,1999-05-12 22:54:33,260.000,WFPC2 ,PC1-FIX,F814W,8012.000,7615,2000-05-12 13:36:10,U5333305M,,,1.048
U5333306R,NGC6656,18 36 25.861,-23 55 14.17,13,1999-05-12 22:56:13,1999-05-12 23:00:33,260.000,WFPC2 ,PC1-FIX,F814W,8012.000,7615,2000-05-12 13:01:14,U5333306R,,,1.048
U5333401R,NGC6656,18 36 28.207,-23 53 19.15,13,1999-05-16 15:14:13,1999-05-16 15:18:33,260.000,WFPC2 ,PC1-FIX,F606W,5997.000,7615,2000-05-15 19:37:10,U5333401R,,,1.373
U5333402R,NGC6656,18 36 28.207,-23 53 19.15,13,1999-05-16 15:20:13,1999-05-16 15:24:33,260.000,WFPC2 ,PC1-FIX,F606W,5997.000,7615,2000-05-15 19:42:30,U5333402R,,,1.373
U5333403R,NGC6656,18 36 21.356,-23 53 43.59,13,1999-05-16 15:29:13,1999-05-16 15:33:33,260.000,WFPC2 ,PC1-FIX,F606W,5997.000,7615,2000-05-15 19:42:00,U5333403R,,,0.813
U5333404R,NGC6656,18 36 21.356,-23 53 43.59,13,1999-05-16 15:35:13,1999-05-16 15:39:33,260.000,WFPC2 ,PC1-FIX,F606W,5997.000,7615,2000-05-15 19:46:50,U5333404R,,,0.813
U5333405R,NGC6656,18 36 25.861,-23 55 14.17,13,1999-05-16 15:44:13,1999-05-16 15:48:33,260.000,WFPC2 ,PC1-FIX,F606W,5997.000,7615,2000-05-15 19:43:39,U5333405R,,,1.048
U5333406R,NGC6656,18 36 25.861,-23 55 14.17,13,1999-05-16 15:50:13,1999-05-16 15:54:33,260.000,WFPC2 ,PC1-FIX,F606W,5997.000,7615,2000-05-15 19:45:14,U5333406R,,,1.048
U5333501R,NGC6656,18 36 28.207,-23 53 19.15,13,1999-05-19 15:45:13,1999-05-19 15:49:33,260.000,WFPC2 ,PC1-FIX,F814W,8012.000,7615,2000-05-19 11:40:43,U5333501R,,,1.373
U5333502R,NGC6656,18 36 28.207,-23 53 19.15,13,1999-05-19 15:51:13,1999-05-19 15:55:33,260.000,WFPC2 ,PC1-FIX,F814W,8012.000,7615,2000-05-19 11:38:36,U5333502R,,,1.373
U5333503R,NGC6656,18 36 21.356,-23 53 43.59,13,1999-05-19 16:00:13,1999-05-19 16:04:33,260.000,WFPC2 ,PC1-FIX,F814W,8012.000,7615,2000-05-19 11:46:35,U5333503R,,,0.813
U5333504R,NGC6656,18 36 21.356,-23 53 43.59,13,1999-05-19 16:06:13,1999-05-19 16:10:33,260.000,WFPC2 ,PC1-FIX,F814W,8012.000,7615,2000-05-19 11:43:19,U5333504R,,,0.813
U5333505R,NGC6656,18 36 25.861,-23 55 14.17,13,1999-05-19 16:15:13,1999-05-19 16:19:33,260.000,WFPC2 ,PC1-FIX,F814W,8012.000,7615,2000-05-19 11:45:25,U5333505R,,,1.048
U5333506R,NGC6656,18 36 25.861,-23 55 14.17,13,1999-05-19 16:21:13,1999-05-19 16:25:33,260.000,WFPC2 ,PC1-FIX,F814W,8012.000,7615,2000-05-19 11:49:18,U5333506R,,,1.048
U5333601R,NGC6656,18 36 28.207,-23 53 19.15,13,1999-05-22 19:34:13,1999-05-22 19:38:33,260.000,WFPC2 ,PC1-FIX,F814W,8012.000,7615,2000-05-22 17:24:19,U5333601R,,,1.373
U5333602R,NGC6656,18 36 28.207,-23 53 19.15,13,1999-05-22 19:40:13,1999-05-22 19:44:33,260.000,WFPC2 ,PC1-FIX,F814W,8012.000,7615,2000-05-22 17:31:30,U5333602R,,,1.373
U5333603R,NGC6656,18 36 21.356,-23 53 43.59,13,1999-05-22 19:49:13,1999-05-22 19:53:33,260.000,WFPC2 ,PC1-FIX,F814W,8012.000,7615,2000-05-22 17:27:48,U5333603R,,,0.813
U5333604R,NGC6656,18 36 21.356,-23 53 43.59,13,1999-05-22 19:55:13,1999-05-22 19:59:33,260.000,WFPC2 ,PC1-FIX,F814W,8012.000,7615,2000-05-22 17:25:16,U5333604R,,,0.813
U5333605R,NGC6656,18 36 25.861,-23 55 14.17,13,1999-05-22 20:04:13,1999-05-22 20:08:33,260.000,WFPC2 ,PC1-FIX,F814W,8012.000,7615,2000-05-22 17:28:38,U5333605R,,,1.048
U5333606R,NGC6656,18 36 25.861,-23 55 14.17,13,1999-05-22 20:10:13,1999-05-22 20:14:33,260.000,WFPC2 ,PC1-FIX,F814W,8012.000,7615,2000-05-22 17:31:50,U5333606R,,,1.048
U5333701M,NGC6656,18 36 28.207,-23 53 19.15,13,1999-05-25 13:37:13,1999-05-25 13:41:33,260.000,WFPC2 ,PC1-FIX,F814W,8012.000,7615,2000-05-25 01:38:22,U5333701M,,,1.373
U5333702R,NGC6656,18 36 28.207,-23 53 19.15,13,1999-05-25 13:43:13,1999-05-25 13:47:33,260.000,WFPC2 ,PC1-FIX,F814W,8012.000,7615,2000-05-25 01:03:29,U5333702R,,,1.373
U5333703R,NGC6656,18 36 21.356,-23 53 43.59,13,1999-05-25 13:52:13,1999-05-25 13:56:33,260.000,WFPC2 ,PC1-FIX,F814W,8012.000,7615,2000-05-25 01:09:46,U5333703R,,,0.813
U5333704R,NGC6656,18 36 21.356,-23 53 43.59,13,1999-05-25 13:58:13,1999-05-25 14:02:33,260.000,WFPC2 ,PC1-FIX,F814W,8012.000,7615,2000-05-25 01:11:07,U5333704R,,,0.813
U5333705R,NGC6656,18 36 25.861,-23 55 14.17,13,1999-05-25 14:07:13,1999-05-25 14:11:33,260.000,WFPC2 ,PC1-FIX,F814W,8012.000,7615,2000-05-25 01:01:09,U5333705R,,,1.048
U5333706R,NGC6656,18 36 25.861,-23 55 14.17,13,1999-05-25 14:13:13,1999-05-25 14:17:33,260.000,WFPC2 ,PC1-FIX,F814W,8012.000,7615,2000-05-25 01:05:55,U5333706R,,,1.048
U5333801R,NGC6656,18 36 28.207,-23 53 19.15,13,1999-05-28 09:21:13,1999-05-28 09:25:33,260.000,WFPC2 ,PC1-FIX,F606W,5997.000,7615,2000-05-27 20:17:51,U5333801R,,,1.373
U5333802R,NGC6656,18 36 28.207,-23 53 19.15,13,1999-05-28 09:27:13,1999-05-28 09:31:33,260.000,WFPC2 ,PC1-FIX,F606W,5997.000,7615,2000-05-27 20:05:34,U5333802R,,,1.373
U5333803R,NGC6656,18 36 21.356,-23 53 43.59,13,1999-05-28 09:36:13,1999-05-28 09:40:33,260.000,WFPC2 ,PC1-FIX,F606W,5997.000,7615,2000-05-27 19:58:06,U5333803R,,,0.813
U5333804R,NGC6656,18 36 21.356,-23 53 43.59,13,1999-05-28 09:42:13,1999-05-28 09:46:33,260.000,WFPC2 ,PC1-FIX,F606W,5997.000,7615,2000-05-27 20:07:03,U5333804R,,,0.813
U5333805R,NGC6656,18 36 25.861,-23 55 14.17,13,1999-05-28 09:51:13,1999-05-28 09:55:33,260.000,WFPC2 ,PC1-FIX,F606W,5997.000,7615,2000-05-28 01:37:24,U5333805R,,,1.048
U5333806R,NGC6656,18 36 25.861,-23 55 14.17,13,1999-05-28 09:57:13,1999-05-28 10:01:33,260.000,WFPC2 ,PC1-FIX,F606W,5997.000,7615,2000-05-28 01:47:36,U5333806R,,,1.048
U5333901R,NGC6656,18 36 28.207,-23 53 19.15,13,1999-05-30 21:23:13,1999-05-30 21:27:33,260.000,WFPC2 ,PC1-FIX,F814W,8012.000,7615,2000-05-30 00:39:02,U5333901R,,,1.373
U5333902R,NGC6656,18 36 28.207,-23 53 19.15,13,1999-05-30 21:29:13,1999-05-30 21:33:33,260.000,WFPC2 ,PC1-FIX,F814W,8012.000,7615,2000-05-30 00:32:45,U5333902R,,,1.373
U5333903R,NGC6656,18 36 21.356,-23 53 43.59,13,1999-05-30 21:39:13,1999-05-30 21:43:33,260.000,WFPC2 ,PC1-FIX,F814W,8012.000,7615,2000-05-30 00:35:23,U5333903R,,,0.813
U5333904R,NGC6656,18 36 21.356,-23 53 43.59,13,1999-05-30 21:45:13,1999-05-30 21:49:33,260.000,WFPC2 ,PC1-FIX,F814W,8012.000,7615,2000-05-30 00:36:42,U5333904R,,,0.813
U5333905R,NGC6656,18 36 25.861,-23 55 14.17,13,1999-05-30 22:38:13,1999-05-30 22:42:33,260.000,WFPC2 ,PC1-FIX,F814W,8012.000,7615,2000-05-30 00:40:25,U5333905R,,,1.048
U5333906R,NGC6656,18 36 25.861,-23 55 14.17,13,1999-05-30 22:44:13,1999-05-30 22:48:33,260.000,WFPC2 ,PC1-FIX,F814W,8012.000,7615,2000-05-30 00:38:01,U5333906R,,,1.048
U5334001R,NGC6656,18 36 28.207,-23 53 19.15,13,1999-06-02 23:13:13,1999-06-02 23:17:33,260.000,WFPC2 ,PC1-FIX,F814W,8012.000,7615,2000-06-02 02:45:59,U5334001R,,,1.373
U5334002R,NGC6656,18 36 28.207,-23 53 19.15,13,1999-06-02 23:19:13,1999-06-02 23:23:33,260.000,WFPC2 ,PC1-FIX,F814W,8012.000,7615,2000-06-02 02:42:33,U5334002R,,,1.373
U5334003R,NGC6656,18 36 21.356,-23 53 43.59,13,1999-06-02 23:28:13,1999-06-02 23:32:33,260.000,WFPC2 ,PC1-FIX,F814W,8012.000,7615,2000-06-02 02:44:00,U5334003R,,,0.813
U5334004R,NGC6656,18 36 21.356,-23 53 43.59,13,1999-06-02 23:34:13,1999-06-02 23:38:33,260.000,WFPC2 ,PC1-FIX,F814W,8012.000,7615,2000-06-02 02:46:17,U5334004R,,,0.813
U5334005R,NGC6656,18 36 25.861,-23 55 14.17,13,1999-06-02 23:43:13,1999-06-02 23:47:33,260.000,WFPC2 ,PC1-FIX,F814W,8012.000,7615,2000-06-02 02:47:39,U5334005R,,,1.048
U5334006R,NGC6656,18 36 25.861,-23 55 14.17,13,1999-06-02 23:49:13,1999-06-02 23:53:33,260.000,WFPC2 ,PC1-FIX,F814W,8012.000,7615,2000-06-02 02:53:22,U5334006R,,,1.048
U5334101R,NGC6656,18 36 28.207,-23 53 19.15,13,1999-06-06 14:16:13,1999-06-06 14:20:33,260.000,WFPC2 ,PC1-FIX,F814W,8012.000,7615,2000-06-06 00:08:43,U5334101R,,,1.373
U5334102R,NGC6656,18 36 28.207,-23 53 19.15,13,1999-06-06 14:22:13,1999-06-06 14:26:33,260.000,WFPC2 ,PC1-FIX,F814W,8012.000,7615,2000-06-06 00:19:49,U5334102R,,,1.373
U5334103R,NGC6656,18 36 21.356,-23 53 43.59,13,1999-06-06 14:32:13,1999-06-06 14:36:33,260.000,WFPC2 ,PC1-FIX,F814W,8012.000,7615,2000-06-06 00:16:08,U5334103R,,,0.813
U5334104R,NGC6656,18 36 21.356,-23 53 43.59,13,1999-06-06 14:38:13,1999-06-06 14:42:33,260.000,WFPC2 ,PC1-FIX,F814W,8012.000,7615,2000-06-06 00:18:10,U5334104R,,,0.813
U5334105R,NGC6656,18 36 25.861,-23 55 14.17,13,1999-06-06 14:47:13,1999-06-06 14:51:33,260.000,WFPC2 ,PC1-FIX,F814W,8012.000,7615,2000-06-06 00:26:32,U5334105R,,,1.048
U5334106R,NGC6656,18 36 25.861,-23 55 14.17,13,1999-06-06 14:53:13,1999-06-06 14:57:33,260.000,WFPC2 ,PC1-FIX,F814W,8012.000,7615,2000-06-06 00:35:34,U5334106R,,,1.048
U5334201R,NGC6656,18 36 28.207,-23 53 19.15,13,1999-06-09 01:55:13,1999-06-09 01:59:33,260.000,WFPC2 ,PC1-FIX,F606W,5997.000,7615,2000-06-08 12:46:37,U5334201R,,,1.373
U5334202R,NGC6656,18 36 28.207,-23 53 19.15,13,1999-06-09 02:01:13,1999-06-09 02:05:33,260.000,WFPC2 ,PC1-FIX,F606W,5997.000,7615,2000-06-08 12:37:37,U5334202R,,,1.373
U5334203R,NGC6656,18 36 21.356,-23 53 43.59,13,1999-06-09 02:10:13,1999-06-09 02:14:33,260.000,WFPC2 ,PC1-FIX,F606W,5997.000,7615,2000-06-08 12:41:48,U5334203R,,,0.813
U5334204R,NGC6656,18 36 21.356,-23 53 43.59,13,1999-06-09 02:16:13,1999-06-09 02:20:33,260.000,WFPC2 ,PC1-FIX,F606W,5997.000,7615,2000-06-08 12:50:43,U5334204R,,,0.813
U5334205R,NGC6656,18 36 25.861,-23 55 14.17,13,1999-06-09 02:25:13,1999-06-09 02:29:33,260.000,WFPC2 ,PC1-FIX,F606W,5997.000,7615,2000-06-08 12:46:54,U5334205R,,,1.048
U5334206R,NGC6656,18 36 25.861,-23 55 14.17,13,1999-06-09 02:31:13,1999-06-09 02:35:33,260.000,WFPC2 ,PC1-FIX,F606W,5997.000,7615,2000-06-08 12:48:09,U5334206R,,,1.048
U5334301R,NGC6656,18 36 28.207,-23 53 19.15,13,1999-06-11 23:13:13,1999-06-11 23:17:33,260.000,WFPC2 ,PC1-FIX,F814W,8012.000,7615,2000-06-13 13:01:09,U5334301R,,,1.373
U5334302R,NGC6656,18 36 28.207,-23 53 19.15,13,1999-06-11 23:19:13,1999-06-11 23:23:33,260.000,WFPC2 ,PC1-FIX,F814W,8012.000,7615,2000-06-13 13:03:46,U5334302R,,,1.373
U5334303R,NGC6656,18 36 21.356,-23 53 43.59,13,1999-06-11 23:29:13,1999-06-11 23:33:33,260.000,WFPC2 ,PC1-FIX,F814W,8012.000,7615,2000-06-13 13:15:55,U5334303R,,,0.813
U5334304R,NGC6656,18 36 21.356,-23 53 43.59,13,1999-06-11 23:35:13,1999-06-11 23:39:33,260.000,WFPC2 ,PC1-FIX,F814W,8012.000,7615,2000-06-13 13:06:10,U5334304R,,,0.813
U5334305R,NGC6656,18 36 25.861,-23 55 14.17,13,1999-06-11 23:44:13,1999-06-11 23:48:33,260.000,WFPC2 ,PC1-FIX,F814W,8012.000,7615,2000-06-13 13:08:15,U5334305R,,,1.048
U5334306R,NGC6656,18 36 25.861,-23 55 14.17,13,1999-06-11 23:50:13,1999-06-11 23:54:33,260.000,WFPC2 ,PC1-FIX,F814W,8012.000,7615,2000-06-13 13:10:12,U5334306R,,,1.048
U5334401R,NGC6656,18 36 28.207,-23 53 19.15,13,1999-06-15 15:52:13,1999-06-15 15:56:33,260.000,WFPC2 ,PC1-FIX,F814W,8012.000,7615,2000-06-15 02:22:14,U5334401R,,,1.373
U5334402R,NGC6656,18 36 28.207,-23 53 19.15,13,1999-06-15 15:58:13,1999-06-15 16:02:33,260.000,WFPC2 ,PC1-FIX,F814W,8012.000,7615,2000-06-15 02:20:43,U5334402R,,,1.373
U5334403R,NGC6656,18 36 21.356,-23 53 43.59,13,1999-06-15 16:07:13,1999-06-15 16:11:33,260.000,WFPC2 ,PC1-FIX,F814W,8012.000,7615,2000-06-15 02:26:38,U5334403R,,,0.813
U5334404R,NGC6656,18 36 21.356,-23 53 43.59,13,1999-06-15 16:13:13,1999-06-15 16:17:33,260.000,WFPC2 ,PC1-FIX,F814W,8012.000,7615,2000-06-15 02:22:53,U5334404R,,,0.813
U5334405R,NGC6656,18 36 25.861,-23 55 14.17,13,1999-06-15 16:22:13,1999-06-15 16:26:33,260.000,WFPC2 ,PC1-FIX,F814W,8012.000,7615,2000-06-15 02:30:02,U5334405R,,,1.048
U5334406R,NGC6656,18 36 25.861,-23 55 14.17,13,1999-06-15 16:28:13,1999-06-15 16:32:33,260.000,WFPC2 ,PC1-FIX,F814W,8012.000,7615,2000-06-15 02:24:23,U5334406R,,,1.048
U5339101R,NGC6656,18 36 28.207,-23 53 19.15,13,2000-02-18 23:11:14,2000-02-18 23:15:34,260.000,WFPC2 ,PC1-FIX,F814W,8012.000,7615,2001-02-18 02:46:57,U5339101R,,,1.373
U5339102R,NGC6656,18 36 28.207,-23 53 19.15,13,2000-02-18 23:17:14,2000-02-18 23:21:34,260.000,WFPC2 ,PC1-FIX,F814W,8012.000,7615,2001-02-18 02:57:24,U5339102R,,,1.373
U5339103R,NGC6656,18 36 21.356,-23 53 43.59,13,2000-02-18 23:26:14,2000-02-18 23:30:34,260.000,WFPC2 ,PC1-FIX,F814W,8012.000,7615,2001-02-18 02:48:06,U5339103R,,,0.813
U5339104R,NGC6656,18 36 21.356,-23 53 43.59,13,2000-02-18 23:32:14,2000-02-18 23:36:34,260.000,WFPC2 ,PC1-FIX,F814W,8012.000,7615,2001-02-18 02:49:30,U5339104R,,,0.813
U5339105R,NGC6656,18 36 25.861,-23 55 14.17,13,2000-02-18 23:41:14,2000-02-18 23:45:34,260.000,WFPC2 ,PC1-FIX,F814W,8012.000,7615,2001-02-18 02:50:37,U5339105R,,,1.048
U5339106R,NGC6656,18 36 25.861,-23 55 14.17,13,2000-02-18 23:47:14,2000-02-18 23:51:34,260.000,WFPC2 ,PC1-FIX,F814W,8012.000,7615,2001-02-18 02:58:50,U5339106R,,,1.048
U5FC0201R,NGC6656,18 36 26.877,-23 54 12.10,4,2000-06-28 06:07:14,2000-06-28 06:07:40,26.000,WFPC2 ,WF3-FIX,F555W,5439.000,8174,2001-06-28 12:18:26,U5FC0201R,D                 ,,0.676
U5FC0202R,NGC6656,18 36 26.877,-23 54 12.10,4,2000-06-28 06:10:14,2000-06-28 06:10:40,26.000,WFPC2 ,WF3-FIX,F555W,5439.000,8174,2001-06-28 12:18:19,U5FC0202R,D                 ,,0.676
U5FC0203R,NGC6656,18 36 26.877,-23 54 12.10,4,2000-06-28 06:13:14,2000-06-28 06:13:40,26.000,WFPC2 ,WF3-FIX,F555W,5439.000,8174,2001-06-28 12:20:46,U5FC0203R,D                 ,,0.676
U5FC0204R,NGC6656,18 36 26.877,-23 54 12.10,4,2000-06-28 06:16:14,2000-06-28 06:16:40,26.000,WFPC2 ,WF3-FIX,F555W,5439.000,8174,2001-06-28 12:21:42,U5FC0204R,D                 ,,0.676
U5FC0205R,NGC6656,18 36 26.911,-23 54 11.76,4,2000-06-28 06:24:14,2000-06-28 06:24:40,26.000,WFPC2 ,WF3-FIX,F785LP,8707.000,8174,2001-06-28 12:24:48,U5FC0205R,,,0.685
U5FC0206R,NGC6656,18 36 26.915,-23 54 11.69,4,2000-06-28 06:29:14,2000-06-28 06:29:40,26.000,WFPC2 ,WF3-FIX,F785LP,8707.000,8174,2001-06-28 12:23:41,U5FC0206R,,,0.686
U5FC0207R,NGC6656,18 36 26.915,-23 54 11.69,4,2000-06-28 06:31:14,2000-06-28 06:31:40,26.000,WFPC2 ,WF3-FIX,F785LP,8707.000,8174,2001-06-28 12:26:27,U5FC0207R,,,0.686
U5FC0208R,NGC6656,18 36 24.322,-23 54 17.21,4,2000-06-28 07:39:14,2000-06-28 07:39:40,26.000,WFPC2 ,WF3-FIX,F555W,5439.000,8174,2001-06-28 12:27:37,U5FC0208R,D                 ,,0.087
U5FC0209R,NGC6656,18 36 24.322,-23 54 17.21,4,2000-06-28 07:42:14,2000-06-28 07:42:40,26.000,WFPC2 ,WF3-FIX,F555W,5439.000,8174,2001-06-28 12:28:55,U5FC0209R,D                 ,,0.087
U5FC020AM,NGC6656,18 36 24.322,-23 54 17.21,4,2000-06-28 07:45:14,2000-06-28 07:45:40,26.000,WFPC2 ,WF3-FIX,F555W,5439.000,8174,2001-06-28 12:44:43,U5FC020AM,D                 ,,0.087
U5FC020BR,NGC6656,18 36 24.322,-23 54 17.21,4,2000-06-28 07:48:14,2000-06-28 07:48:40,26.000,WFPC2 ,WF3-FIX,F555W,5439.000,8174,2001-06-28 12:31:22,U5FC020BR,D                 ,,0.087
U5FC020CR,NGC6656,18 36 24.324,-23 54 17.19,4,2000-06-28 07:55:14,2000-06-28 07:55:40,26.000,WFPC2 ,WF3-FIX,F785LP,8707.000,8174,2001-06-28 12:32:51,U5FC020CR,D                 ,,0.088
U5FC020DR,NGC6656,18 36 24.324,-23 54 17.19,4,2000-06-28 07:58:14,2000-06-28 07:58:40,26.000,WFPC2 ,WF3-FIX,F785LP,8707.000,8174,2001-06-28 12:30:22,U5FC020DR,D                 ,,0.088
U5FC020ER,NGC6656,18 36 24.324,-23 54 17.19,4,2000-06-28 08:01:14,2000-06-28 08:01:40,26.000,WFPC2 ,WF3-FIX,F785LP,8707.000,8174,2001-06-28 12:33:38,U5FC020ER,D                 ,,0.088
U5FC020FR,NGC6656,18 36 24.324,-23 54 17.19,4,2000-06-28 08:04:14,2000-06-28 08:04:40,26.000,WFPC2 ,WF3-FIX,F785LP,8707.000,8174,2001-06-28 12:35:15,U5FC020FR,D                 ,,0.088
U5FC020GR,NGC6656,18 36 27.250,-23 54 47.13,4,2000-06-28 09:16:14,2000-06-28 09:16:40,26.000,WFPC2 ,WF3-FIX,F555W,5439.000,8174,2001-06-28 12:35:50,U5FC020GR,D                 ,,0.907
U5FC020HR,NGC6656,18 36 27.250,-23 54 47.13,4,2000-06-28 09:19:14,2000-06-28 09:19:40,26.000,WFPC2 ,WF3-FIX,F555W,5439.000,8174,2001-06-28 12:42:20,U5FC020HR,D                 ,,0.907
U5FC020IR,NGC6656,18 36 27.250,-23 54 47.13,4,2000-06-28 09:22:14,2000-06-28 09:22:40,26.000,WFPC2 ,WF3-FIX,F555W,5439.000,8174,2001-06-28 12:37:32,U5FC020IR,D                 ,,0.907
U5FC020JR,NGC6656,18 36 27.250,-23 54 47.13,4,2000-06-28 09:25:14,2000-06-28 09:25:40,26.000,WFPC2 ,WF3-FIX,F555W,5439.000,8174,2001-06-28 12:37:53,U5FC020JR,D                 ,,0.907
U5FC020KR,NGC6656,18 36 27.251,-23 54 47.11,4,2000-06-28 09:32:14,2000-06-28 09:32:40,26.000,WFPC2 ,WF3-FIX,F785LP,8707.000,8174,2001-06-28 12:39:47,U5FC020KR,D                 ,,0.907
U5FC020LR,NGC6656,18 36 27.251,-23 54 47.11,4,2000-06-28 09:35:14,2000-06-28 09:35:40,26.000,WFPC2 ,WF3-FIX,F785LP,8707.000,8174,2001-06-28 12:41:53,U5FC020LR,D                 ,,0.907
U5FC020MR,NGC6656,18 36 27.251,-23 54 47.11,4,2000-06-28 09:38:14,2000-06-28 09:38:40,26.000,WFPC2 ,WF3-FIX,F785LP,8707.000,8174,2001-06-28 12:39:48,U5FC020MR,D                 ,,0.907
U5FC020NR,NGC6656,18 36 27.251,-23 54 47.11,4,2000-06-28 09:41:14,2000-06-28 09:41:40,26.000,WFPC2 ,WF3-FIX,F785LP,8707.000,8174,2001-06-28 12:43:45,U5FC020NR,D                 ,,0.907
U9BM0701M,NGC6656,18 36 26.392,-23 54 07.74,13,2006-03-31 23:34:16,2006-03-31 23:47:36,800.000,WFPC2 ,PC1-FIX,F255W,2599.000,10524,2006-04-01 16:39:13,U9BM0701M,,,0.582
U9BM0702M,NGC6656,18 36 26.392,-23 54 07.74,13,2006-03-31 23:50:16,2006-04-01 00:03:36,800.000,WFPC2 ,PC1-FIX,F255W,2599.000,10524,2006-04-01 16:40:44,U9BM0702M,,,0.582
U9BM0703M,NGC6656,18 36 26.392,-23 54 07.74,13,2006-04-01 00:07:16,2006-04-01 00:15:36,500.000,WFPC2 ,PC1-FIX,F336W,3344.000,10524,2006-04-01 16:42:16,U9BM0703M,,,0.582
U9BM0704M,NGC6656,18 36 26.392,-23 54 07.74,13,2006-04-01 00:19:15,2006-04-01 00:19:45,30.000,WFPC2 ,PC1-FIX,F555W,5439.000,10524,2006-04-01 16:43:16,U9BM0704M,,,0.582
J9L948010,NGC6656,18 36 24.681,-23 54 17.34,260,2006-04-01 22:02:28,2006-04-01 22:43:33,223.000,ACS   ,WFCENTER,F606W;CLEAR2L,5919.202,10775,2006-07-01 00:00:00,J9L948010,,4,0.169
J9L948020,NGC6656,18 36 24.681,-23 54 17.34,260,2006-04-01 23:31:59,2006-04-02 00:13:51,263.000,ACS   ,WFCENTER,CLEAR1L;F814W,8047.662,10775,2006-07-01 00:00:00,J9L948020,,2,0.169
UA2L0801M,M22-WFPC2,18 36 33.098,-23 54 05.51,13,2008-04-29 10:28:17,2008-04-29 10:34:07,350.000,WFPC2 ,WFALL-FIX,F450W,4556.000,11233,2009-04-30 00:25:24,UA2L0801M,,,2.102
UA2L0802M,M22-WFPC2,18 36 33.098,-23 54 05.51,13,2008-04-29 10:38:17,2008-04-29 10:39:57,100.000,WFPC2 ,WFALL-FIX,F814W,8012.000,11233,2009-04-30 00:25:34,UA2L0802M,,,2.102
UA2L0803M,M22-WFPC2,18 36 33.182,-23 54 06.08,13,2008-04-29 10:44:17,2008-04-29 10:50:07,350.000,WFPC2 ,WFALL-FIX,F450W,4556.000,11233,2009-04-30 00:26:25,UA2L0803M,,,2.120
UA2L0804M,M22-WFPC2,18 36 33.182,-23 54 06.08,13,2008-04-29 10:54:17,2008-04-29 10:55:57,100.000,WFPC2 ,WFALL-FIX,F814W,8012.000,11233,2009-04-30 00:26:43,UA2L0804M,,,2.120
UA2L0805M,M22-WFPC2,18 36 33.320,-23 54 06.24,13,2008-04-29 11:00:17,2008-04-29 11:06:07,350.000,WFPC2 ,WFALL-FIX,F450W,4556.000,11233,2009-04-30 00:26:58,UA2L0805M,,,2.152
UA2L0806M,M22-WFPC2,18 36 33.320,-23 54 06.24,13,2008-04-29 11:10:17,2008-04-29 11:11:57,100.000,WFPC2 ,WFALL-FIX,F814W,8012.000,11233,2009-04-30 00:27:43,UA2L0806M,,,2.152
UA2L0807M,M22-WFPC2,18 36 33.155,-23 54 05.08,13,2008-04-29 12:02:17,2008-04-29 12:08:07,350.000,WFPC2 ,WFALL-FIX,F450W,4556.000,11233,2009-04-30 00:28:02,UA2L0807M,,,2.116
UA2L0808M,M22-WFPC2,18 36 33.155,-23 54 05.08,13,2008-04-29 12:12:17,2008-04-29 12:13:57,100.000,WFPC2 ,WFALL-FIX,F814W,8012.000,11233,2009-04-30 00:34:21,UA2L0808M,,,2.116
UA2L0809M,M22-WFPC2,18 36 33.238,-23 54 05.65,13,2008-04-29 12:18:17,2008-04-29 12:24:07,350.000,WFPC2 ,WFALL-FIX,F450W,4556.000,11233,2009-04-30 00:35:27,UA2L0809M,,,2.134
UA2L080AM,M22-WFPC2,18 36 33.238,-23 54 05.65,13,2008-04-29 12:28:17,2008-04-29 12:29:57,100.000,WFPC2 ,WFALL-FIX,F814W,8012.000,11233,2009-04-30 00:36:24,UA2L080AM,,,2.134
UA2L080BM,M22-WFPC2,18 36 33.197,-23 54 07.10,13,2008-04-29 12:34:17,2008-04-29 12:40:07,350.000,WFPC2 ,WFALL-FIX,F450W,4556.000,11233,2009-04-30 00:36:43,UA2L080BM,,,2.122
UA2L080CM,M22-WFPC2,18 36 33.197,-23 54 07.10,13,2008-04-29 12:44:17,2008-04-29 12:45:57,100.000,WFPC2 ,WFALL-FIX,F814W,8012.000,11233,2009-04-30 00:37:03,UA2L080CM,,,2.122
UA2L080DM,M22-WFPC2,18 36 33.227,-23 54 04.58,13,2008-04-29 13:38:17,2008-04-29 13:44:07,350.000,WFPC2 ,WFALL-FIX,F450W,4556.000,11233,2009-04-30 00:37:20,UA2L080DM,,,2.133
UA2L080EM,M22-WFPC2,18 36 33.227,-23 54 04.58,13,2008-04-29 13:48:17,2008-04-29 13:49:57,100.000,WFPC2 ,WFALL-FIX,F814W,8012.000,11233,2009-04-30 00:37:35,UA2L080EM,,,2.133
UA2L080FM,M22-WFPC2,18 36 33.126,-23 54 06.64,13,2008-04-29 13:54:17,2008-04-29 14:00:07,350.000,WFPC2 ,WFALL-FIX,F450W,4556.000,11233,2009-04-30 00:37:50,UA2L080FM,,,2.107
UA2L080GM,M22-WFPC2,18 36 33.126,-23 54 06.64,13,2008-04-29 14:04:17,2008-04-29 14:05:57,100.000,WFPC2 ,WFALL-FIX,F814W,8012.000,11233,2009-04-30 00:38:04,UA2L080GM,,,2.107
UA2L080HM,M22-WFPC2,18 36 33.259,-23 54 06.75,13,2008-04-29 14:10:17,2008-04-29 14:16:07,350.000,WFPC2 ,WFALL-FIX,F450W,4556.000,11233,2009-04-30 00:44:53,UA2L080HM,,,2.137
UA2L080IM,M22-WFPC2,18 36 33.259,-23 54 06.75,13,2008-04-29 14:20:17,2008-04-29 14:21:57,100.000,WFPC2 ,WFALL-FIX,F814W,8012.000,11233,2009-04-30 00:45:17,UA2L080IM,,,2.137
UBAI4701M,NGC6656-M22,18 36 26.394,-23 54 07.89,17,2009-04-22 09:36:12,2009-04-22 09:36:12,0.500,WFPC2 ,PC1-FIX,F555W,5439.000,11975,2009-04-22 22:13:45,UBAI4701M,,,0.581
UBAI4702M,NGC6656-M22,18 36 26.394,-23 54 07.89,17,2009-04-22 09:38:12,2009-04-22 09:38:22,10.000,WFPC2 ,PC1-FIX,F555W,5439.000,11975,2009-04-22 22:16:03,UBAI4702M,,,0.581
UBAI4703M,NGC6656-M22,18 36 26.394,-23 54 07.89,17,2009-04-22 09:40:12,2009-04-22 09:40:22,10.000,WFPC2 ,PC1-FIX,F555W,5439.000,11975,2009-04-22 22:17:08,UBAI4703M,,,0.581
UBAI4704M,NGC6656-M22,18 36 26.394,-23 54 07.89,17,2009-04-22 09:42:12,2009-04-22 09:42:22,10.000,WFPC2 ,PC1-FIX,F555W,5439.000,11975,2009-04-22 22:18:53,UBAI4704M,,,0.581
UBAI4705M,NGC6656-M22,18 36 26.394,-23 54 07.89,17,2009-04-22 09:45:12,2009-04-22 09:45:26,14.000,WFPC2 ,PC1-FIX,F336W,3344.000,11975,2009-04-22 22:20:40,UBAI4705M,,,0.581
UBAI4706M,NGC6656-M22,18 36 26.394,-23 54 07.89,17,2009-04-22 09:47:12,2009-04-22 09:53:02,350.000,WFPC2 ,PC1-FIX,F336W,3344.000,11975,2009-04-23 02:40:12,UBAI4706M,,,0.581
UBAI4707M,NGC6656-M22,18 36 26.411,-23 54 07.63,17,2009-04-22 11:13:12,2009-04-22 11:19:02,350.000,WFPC2 ,PC1-FIX,F336W,3344.000,11975,2009-04-23 02:41:08,UBAI4707M,,,0.586
UBAI4708M,NGC6656-M22,18 36 26.428,-23 54 07.37,17,2009-04-22 11:25:12,2009-04-22 11:31:02,350.000,WFPC2 ,PC1-FIX,F336W,3344.000,11975,2009-04-23 02:42:54,UBAI4708M,,,0.591
UBAI4709M,NGC6656-M22,18 36 26.394,-23 54 07.89,17,2009-04-22 12:48:12,2009-04-22 12:59:52,700.000,WFPC2 ,PC1-FIX,F255W,2599.000,11975,2009-04-23 02:43:51,UBAI4709M,,,0.581
UBAI470AM,NGC6656-M22,18 36 26.394,-23 54 07.89,17,2009-04-22 13:02:12,2009-04-22 13:13:52,700.000,WFPC2 ,PC1-FIX,F255W,2599.000,11975,2009-04-23 02:45:08,UBAI470AM,,,0.581
UBAI470BM,NGC6656-M22,18 36 26.394,-23 54 07.89,17,2009-04-22 14:24:12,2009-04-22 14:35:52,700.000,WFPC2 ,PC1-FIX,F255W,2599.000,11975,2009-04-23 02:46:04,UBAI470BM,,,0.581
UBAI470CM,NGC6656-M22,18 36 26.394,-23 54 07.89,17,2009-04-22 16:00:12,2009-04-22 16:11:52,700.000,WFPC2 ,PC1-FIX,F170W,1770.000,11975,2009-04-23 02:47:39,UBAI470CM,,,0.581
UBAI470DM,NGC6656-M22,18 36 26.394,-23 54 07.89,17,2009-04-22 16:14:12,2009-04-22 16:25:52,700.000,WFPC2 ,PC1-FIX,F170W,1770.000,11975,2009-04-23 02:48:36,UBAI470DM,,,0.581
UBAI470EM,NGC6656-M22,18 36 26.394,-23 54 07.89,17,2009-04-22 17:36:12,2009-04-22 17:47:52,700.000,WFPC2 ,PC1-FIX,F170W,1770.000,11975,2009-04-23 02:49:32,UBAI470EM,,,0.581
JB1W01010,IRAS18333-2357,18 36 22.880,-23 55 22.46,6,2010-03-02 20:27:06,2010-03-02 22:46:48,5306.000,ACS   ,WFC1,F502N;CLEAR2L,5023.005,11558,2011-03-03 05:03:03,JB1W01010,,,1.116
IBJ207R5Q,M-22,18 36 23.845,-23 54 11.58,28,2010-09-23 08:45:28,2010-09-23 08:46:18,50.000,WFC3  ,UVIS-CENTER,F814W,8043.700,12311,2011-09-23 21:34:01,IBJ207R5Q,,,0.095
IBJ207010,M-22,18 36 23.845,-23 54 11.58,28,2010-09-23 08:48:54,2010-09-23 09:33:46,2436.000,WFC3  ,UVIS-CENTER,F275W,2707.200,12311,2011-09-23 22:17:45,IBJ207010,,1,0.095
IBJ208RFQ,M-22,18 36 24.277,-23 54 11.14,28,2010-09-23 10:21:18,2010-09-23 10:22:08,50.000,WFC3  ,UVIS-CENTER,F814W,8043.700,12311,2011-09-23 21:39:10,IBJ208RFQ,,,0.126
IBJ208010,M-22,18 36 24.277,-23 54 11.14,28,2010-09-23 10:24:44,2010-09-23 11:09:36,2436.000,WFC3  ,UVIS-CENTER,F275W,2707.200,12311,2011-09-23 22:28:45,IBJ208010,,1,0.126
IBJ210UOQ,M-22,18 36 24.143,-23 54 13.26,28,2011-03-17 21:31:14,2011-03-17 21:32:04,50.000,WFC3  ,UVIS-CENTER,F814W,8043.700,12311,2012-03-18 03:25:20,IBJ210UOQ,,,0.079
IBJ210010,M-22,18 36 24.143,-23 54 13.26,28,2011-03-17 21:34:40,2011-03-17 22:19:32,2436.000,WFC3  ,UVIS-CENTER,F275W,2707.200,12311,2012-03-18 03:50:52,IBJ210010,,1,0.079
IBJ209A3Q,M-22,18 36 24.575,-23 54 12.82,28,2011-03-18 21:28:43,2011-03-18 21:29:33,50.000,WFC3  ,UVIS-CENTER,F814W,8043.700,12311,2012-03-19 02:17:54,IBJ209A3Q,,,0.162
IBJ209010,M-22,18 36 24.575,-23 54 12.82,28,2011-03-18 21:32:09,2011-03-18 22:17:01,2436.000,WFC3  ,UVIS-CENTER,F275W,2707.200,12311,2012-03-19 03:46:22,IBJ209010,,1,0.162
IBKH04030,NGC6656,18 36 24.200,-23 54 12.00,9,2011-05-18 15:57:37,2011-05-18 18:19:25,299.000,WFC3  ,UVIS-CENTER,F547M,5447.000,12193,2012-05-19 06:48:23,IBKH04030,,,0.104
IBKH04040,NGC6656,18 36 24.200,-23 54 12.00,9,2011-05-18 16:01:22,2011-05-18 18:15:35,1456.000,WFC3  ,UVIS-CENTER,F467M,4682.600,12193,2012-05-19 06:14:07,IBKH04040,,,0.104
IBKH04050,NGC6656,18 36 24.200,-23 54 12.00,9,2011-05-18 16:09:51,2011-05-18 18:06:54,2656.000,WFC3  ,UVIS-CENTER,F395N,3955.200,12193,2012-05-19 06:19:03,IBKH04050,,,0.104
ICAU22010,M-22,18 36 23.120,-23 54 18.34,55,2014-07-17 17:41:57,2014-07-17 18:30:20,282.000,WFC3  ,UVIS-CENTER,F438W,4325.550,13297,2014-07-17 22:48:39,ICAU22010,,1,0.189
ICAU22020,M-22,18 36 23.274,-23 54 18.11,55,2014-07-17 17:46:57,2014-07-17 18:25:20,1901.000,WFC3  ,UVIS-CENTER,F336W,3354.850,13297,2014-07-17 22:48:14,ICAU22020,,,0.153
